PROFIL;AUTH_TPLMAILASKPWD;PRF_ADMIN_EDIT
